0.0 0.0 0.0 0.0 0.0 0
0.0 0.0 0.0023752969121140144 0.0 0.0 0
0.0 0.0 0.0 0.0 0.0 0
0.0 0.0 0.0027624309392265192 0.0 0.0 0
0.0 0.0 0.0 0.0 0.0 0
0.0 0.0 0.02027027027027027 0.0 0.0 0
0.0 0.0 0.0 0.0 0.0 0
0.0 0.0 0.0 0.0 0.0 0
0.0 0.0 0.0 0.0 0.0 0
0.0 0.0 0.0 0.0 0.0 0
0.0 0.0 0.0 0.0 0.0 0
0.0 0.0 0.0 0.0 0.0 0
0.0 0.0 0.0 0.0 0.0 0
0.0 0.0 0.0 0.0 0.0 0
0.0 0.0 0.01929260450160772 0.0 0.0 0
0.0 0.0 0.0 0.0 0.0 0
0.0 0.0 0.0 0.0 0.0 0
0.0 0.0 0.004761904761904762 0.0 0.0 0
0.0 0.0 0.013289036544850499 0.0 0.0 0
0.0 0.0 0.0 0.0 0.0 0
0.0 0.0 0.0 0.0 0.0 0
0.0 0.0 0.0 0.0 0.0 0
0.0 0.0 0.0 0.0 0.0 0
0.0 0.0 0.0 0.0 0.0 0
0.0 0.0 0.0 0.0 0.0 0
0.0 0.0 0.022388059701492536 0.0 0.0 0
0.0 0.0 0.0 0.0 0.0 0
0.0 0.0 0.0 0.0 0.0 0
0.0 0.0 0.0 0.0 0.0 0
0.0 0.0 0.0 0.0 0.0 0
0.0 0.0 0.007898894154818325 0.0 0.001579778830963665 0
0.0 0.0 0.009202453987730062 0.0 0.0 0
0.0 0.0 0.0 0.0 0.0 0
0.0 0.0 0.0 0.0 0.0 0
0.0 0.0 0.0 0.0 0.0 0
0.0 0.0 0.021176470588235293 0.0 0.0 0
0.0 0.0 0.009174311926605505 0.0 0.0 0
0.0 0.0 0.0 0.0 0.0 0
0.0 0.0 0.0 0.0 0.0 0
0.0 0.0 0.0 0.0 0.0 0
0.0 0.0 0.0 0.0 0.0 0
0.0 0.0 0.0 0.0 0.0 0
0.0 0.0 0.0 0.0 0.0 0
0.0 0.0 0.0 0.0 0.0 0
0.0 0.0 0.0 0.0 0.0 0
0.0 0.0 0.0 0.0 0.0 0
0.0 0.0 0.0 0.0 0.0 0
0.0 0.0 0.0 0.0 0.0 0
0.0 0.0 0.0 0.0 0.0 0
0.0 0.0 0.0 0.0 0.0 0
0.0 0.0 0.010230179028132993 0.0 0.0 0
0.0 0.0 0.00796812749003984 0.0 0.0 0
0.0 0.0 0.005208333333333333 0.0 0.0 0
0.0 0.0 0.018461538461538463 0.0 0.0 0
0.0 0.0 0.0022371364653243847 0.0 0.0 0
0.0 0.0 0.0 0.0 0.0 0
0.0 0.0 0.0 0.0 0.0 0
0.0 0.0 0.0 0.0 0.0 0
0.0 0.0 0.0 0.0 0.0 0
0.0 0.0 0.004889975550122249 0.0 0.0 0
0.0 0.0015384615384615385 0.021538461538461538 0.0 0.0 0
0.0 0.0 0.00205761316872428 0.0 0.0 0
0.0 0.0 0.0 0.0 0.0 0
0.0 0.0 0.0 0.0 0.0 0
0.0 0.0 0.0 0.0 0.0 0
0.0 0.0 0.0 0.0 0.0 0
0.0 0.0 0.005479452054794521 0.0 0.0 0
0.0 0.0 0.0 0.0 0.0 0
0.0 0.0 0.0 0.0 0.0 0
0.0 0.0 0.00804289544235925 0.0 0.0 0
0.0 0.0 0.0 0.0 0.0 0
0.0 0.0 0.0 0.0 0.0 0
0.0 0.0 0.010256410256410256 0.0 0.0 0
0.0 0.0 0.0 0.0 0.0 0
0.0 0.0 0.0036496350364963502 0.0 0.0 0
0.0 0.0 0.005934718100890208 0.0 0.0 0
0.0 0.0 0.003875968992248062 0.0 0.0 0
0.0 0.0 0.0 0.0 0.0 0
0.0 0.0 0.013966480446927373 0.0 0.0 0
0.0 0.0 0.0 0.0 0.0 0
0.0 0.0 0.0 0.0 0.0 0
0.0 0.0 0.0 0.0 0.0 0
0.0 0.0 0.0 0.0 0.0 0
0.0 0.0 0.0 0.0 0.0 0
0.0 0.0 0.0 0.0 0.0 0
0.0 0.0 0.002881844380403458 0.0 0.0 0
0.0 0.0 0.0 0.0 0.0 0
0.0 0.0 0.0 0.0 0.0 0
0.0 0.0 0.0 0.0 0.0 0
0.0 0.0 0.0 0.0 0.0 0
0.0 0.0 0.0 0.0 0.0 0
0.0 0.0 0.0 0.0 0.0 0
0.0 0.0 0.0125 0.0 0.0 0
0.0 0.0 0.0 0.0 0.0 0
0.0 0.0 0.021621621621621623 0.005405405405405406 0.002702702702702703 0
0.0 0.0 0.004553734061930784 0.0 0.0 0
0.0 0.0 0.0 0.0 0.0 0
0.0 0.0 0.0 0.0 0.0 0
0.0 0.0 0.0 0.0 0.0 0
0.0 0.0 0.0 0.0 0.0 0
0.0 0.0 0.0 0.0 0.0 0
0.0 0.0 0.0 0.0 0.0 0
0.0 0.0 0.007125890736342043 0.0 0.0 0
0.0 0.0 0.004761904761904762 0.0 0.0 0
0.0 0.0 0.012165450121654502 0.0 0.0 0
0.0 0.0 0.0 0.0 0.0 0
0.0 0.0 0.0 0.0 0.0 0
0.0 0.0 0.0 0.0 0.0 0
0.0 0.0 0.0 0.0 0.0 0
0.0 0.0 0.0 0.0 0.0 0
0.0 0.0 0.0 0.0 0.0 0
0.0 0.0 0.014150943396226415 0.0 0.0 0
0.0 0.0 0.0 0.0 0.0 0
0.0 0.0 0.01606425702811245 0.0 0.004016064257028112 0
0.0 0.0 0.020242914979757085 0.0 0.0 0
0.0 0.0 0.0 0.0 0.0 0
0.0 0.0 0.0 0.0 0.0 0
0.0 0.0 0.012658227848101266 0.0031645569620253164 0.0 0
0.0 0.0 0.0 0.0 0.0 0
0.0 0.0 0.0 0.0 0.0 0
0.0 0.0 0.0 0.0 0.0 0
0.0 0.0 0.0 0.0 0.0 0
0.0 0.0 0.0 0.0 0.0 0
0.0 0.0 0.0 0.0 0.0 0
0.0 0.0 0.0 0.0 0.0 0
0.0 0.0 0.011472275334608031 0.0019120458891013384 0.0019120458891013384 0
0.0 0.0 0.0 0.0 0.0 0
0.0 0.0 0.0 0.0 0.0 0
0.0 0.0 0.0 0.0 0.0 0
0.0 0.0 0.0 0.0 0.0 0
0.0 0.0 0.005025125628140704 0.0 0.0 0
0.0 0.0 0.0 0.0 0.0 0
0.0 0.0 0.0 0.0 0.0 0
0.0 0.0 0.0035842293906810036 0.0 0.0 0
0.0 0.0 0.0 0.0 0.0 0
0.0 0.0 0.0 0.0 0.0 0
0.0 0.0 0.0 0.0 0.0 0
0.0 0.0 0.0 0.0 0.0 0
0.0 0.0 0.0117096018735363 0.0 0.0 0
0.0 0.0020491803278688526 0.00819672131147541 0.0 0.0020491803278688526 0
0.0 0.0 0.013293943870014771 0.0 0.0 0
0.0 0.0 0.0 0.0 0.0 0
0.0 0.0 0.0 0.0 0.0 0
0.0 0.0 0.0 0.0 0.0 0
0.0 0.0 0.0 0.0 0.0 0
0.0 0.0 0.0 0.0 0.0 0
0.0 0.0 0.0 0.0 0.0 0
0.0 0.0 0.00234192037470726 0.0 0.0 0
0.0 0.0 0.017412935323383085 0.0 0.0 0
0.0 0.0 0.0 0.0 0.0 0
0.0 0.0 0.0 0.0 0.0 0
0.0 0.0 0.0 0.0 0.0 0
0.0 0.0 0.0 0.0 0.0 0
0.0 0.0 0.0 0.0 0.0 0
0.0 0.0 0.0 0.0 0.0 0
0.0 0.0 0.0 0.0 0.0 0
0.0 0.0 0.01201923076923077 0.0 0.0 0
