0.0014705882352941176 0.0029411764705882353 0.011764705882352941 0.0 0.010294117647058823 1
0.0 0.0018726591760299626 0.016853932584269662 0.020599250936329586 0.016853932584269662 1
0.0 0.002304147465437788 0.016129032258064516 0.01152073732718894 0.016129032258064516 1
0.0 0.0 0.0 0.0 0.0121580547112462 1
0.0 0.0 0.027164685908319185 0.013582342954159592 0.01697792869269949 1
0.0 0.0021551724137931034 0.01293103448275862 0.0021551724137931034 0.01293103448275862 1
0.0 0.0 0.024208566108007448 0.0 0.00931098696461825 1
0.0 0.0 0.0 0.012048192771084338 0.012048192771084338 1
0.0 0.0029154518950437317 0.01749271137026239 0.0029154518950437317 0.011661807580174927 1
0.007494646680942184 0.0053533190578158455 0.05246252676659529 0.009635974304068522 0.011777301927194861 1
0.010852713178294573 0.0 0.0 0.0031007751937984496 0.0 1
0.0 0.0 0.005893909626719057 0.0 0.011787819253438114 1
0.0 0.0 0.028708133971291867 0.023923444976076555 0.023923444976076555 1
0.0 0.0 0.02 0.02 0.02 1
0.0 0.0 0.019138755980861243 0.0 0.019138755980861243 1
0.021148036253776436 0.0 0.0 0.0 0.0 1
0.0 0.0016750418760469012 0.0016750418760469012 0.006700167504187605 0.008375209380234505 1
0.0 0.0045871559633027525 0.011467889908256881 0.0022935779816513763 0.011467889908256881 1
0.0026246719160104987 0.0013123359580052493 0.006561679790026247 0.006561679790026247 0.011811023622047244 1
0.0 0.007874015748031496 0.031496062992125984 0.007874015748031496 0.027559055118110236 1
6.116207951070336E-4 0.0024464831804281344 0.0024464831804281344 0.0 0.00856269113149847 1
0.0 0.0 0.018083182640144666 0.012658227848101266 0.012658227848101266 1
0.0 0.0 0.028985507246376812 0.0 0.014492753623188406 1
0.0 0.0 0.0 0.0 0.01509433962264151 1
0.0 0.0 0.02733485193621868 0.002277904328018223 0.011389521640091117 1
0.0 0.0 0.021929824561403508 0.021929824561403508 0.021929824561403508 1
0.012135922330097087 0.0 0.012135922330097087 0.0 0.0024271844660194173 1
0.0 0.0 0.026595744680851064 0.0 0.010638297872340425 1
0.0 0.014285714285714285 0.0 0.014285714285714285 0.014285714285714285 1
0.002127659574468085 0.0 0.006382978723404255 0.0 0.01276595744680851 1
9.532888465204957E-4 0.014299332697807437 0.010486177311725452 0.015252621544327931 0.02001906577693041 1
0.0 0.0 0.0 0.0 0.015037593984962405 1
0.0 0.0 0.02763819095477387 0.002512562814070352 0.022613065326633167 1
0.002583979328165375 0.002583979328165375 0.012919896640826873 0.0103359173126615 0.01808785529715762 1
0.0 0.0030211480362537764 0.015105740181268883 0.0030211480362537764 0.01812688821752266 1
0.0 0.0 0.018556701030927835 0.012371134020618556 0.012371134020618556 1
0.0017667844522968198 0.0 0.0088339222614841 0.0 0.0088339222614841 1
0.006276150627615063 0.006276150627615063 0.02510460251046025 0.016736401673640166 0.02510460251046025 1
0.0 0.0 0.009345794392523364 0.0 0.009345794392523364 1
0.0 0.0019011406844106464 0.011406844106463879 0.0 0.015209125475285171 1
0.0 0.0024390243902439024 0.026829268292682926 0.00975609756097561 0.012195121951219513 1
0.0 0.007594936708860759 0.015189873417721518 0.005063291139240506 0.015189873417721518 1
0.0 0.007360672975814932 0.00473186119873817 0.008412197686645636 0.006309148264984227 1
0.0 0.0 0.0 0.018134715025906734 0.023316062176165803 1
0.0 0.0 0.0196078431372549 0.0 0.00980392156862745 1
0.0 0.0020408163265306124 0.012244897959183673 0.00816326530612245 0.018367346938775512 1
0.006775067750677507 0.0 0.008130081300813009 0.0 0.0 1
0.0 0.0 0.014657980456026058 0.0 0.014657980456026058 1
0.011976047904191617 0.0 0.0 0.0 0.0029940119760479044 1
0.0 0.0 0.017123287671232876 0.017123287671232876 0.017123287671232876 1
0.0111731843575419 0.0 0.019553072625698324 0.0 0.00558659217877095 1
0.0 0.0 0.0 0.0 0.008528784648187633 1
0.0 0.0 0.0053475935828877 0.016042780748663103 0.016042780748663103 1
0.0026595744680851063 0.0026595744680851063 0.010638297872340425 0.0 0.010638297872340425 1
0.0017605633802816902 0.00528169014084507 0.01584507042253521 0.008802816901408451 0.01056338028169014 1
0.0 0.0 0.016587677725118485 0.0 0.016587677725118485 1
0.0136986301369863 0.0 0.0 0.0 0.0 1
0.007575757575757576 0.0 0.0 0.0025252525252525255 0.0 1
0.011627906976744186 0.0 0.014534883720930232 0.0 0.0 1
0.0 0.004878048780487805 0.0 0.01707317073170732 0.01707317073170732 1
0.01643835616438356 0.0 0.00821917808219178 0.0 0.0 1
0.009485094850948509 0.0040650406504065045 0.013550135501355014 0.005420054200542005 0.006775067750677507 1
0.0 0.0 0.003278688524590164 0.0 0.01639344262295082 1
0.0 0.0 0.02127659574468085 0.0 0.026595744680851064 1
0.0 0.012170385395537525 0.006085192697768763 0.014198782961460446 0.028397565922920892 1
0.0 0.0 0.0486322188449848 0.0 0.015197568389057751 1
0.004048582995951417 0.008097165991902834 0.024291497975708502 0.016194331983805668 0.022267206477732792 1
0.0 0.0 0.02040816326530612 0.0 0.013605442176870748 1
0.0 0.002898550724637681 0.017391304347826087 0.0 0.020289855072463767 1
0.011214953271028037 0.0 0.0 0.0 0.0 1
0.0 0.0034482758620689655 0.020689655172413793 0.0 0.02413793103448276 1
0.011627906976744186 0.0 0.014534883720930232 0.0 0.0 1
0.0 0.0 0.013192612137203167 0.013192612137203167 0.013192612137203167 1
0.002857142857142857 0.008571428571428572 0.025714285714285714 0.008571428571428572 0.037142857142857144 1
0.0 0.003194888178913738 0.003194888178913738 0.022364217252396165 0.019169329073482427 1
0.0 0.0041928721174004195 0.016771488469601678 0.018867924528301886 0.012578616352201259 1
0.0 0.0 0.0 0.0 0.01092896174863388 1
0.004739336492890996 0.004739336492890996 0.011848341232227487 0.0 0.009478672985781991 1
0.0 0.002320185614849188 0.016241299303944315 0.002320185614849188 0.01160092807424594 1
0.0 0.0 0.0 0.0 0.010178117048346057 1
0.0 0.0 0.015424164524421594 0.0 0.015424164524421594 1
0.0 0.0036101083032490976 0.0 0.0 0.021660649819494584 1
0.0 0.004338394793926247 0.04338394793926247 0.0 0.019522776572668113 1
0.0017889087656529517 0.005366726296958855 0.016100178890876567 0.0035778175313059034 0.017889087656529516 1
0.008787346221441126 0.014059753954305799 0.0035149384885764497 0.015817223198594025 0.0035149384885764497 1
0.005141388174807198 0.007712082262210797 0.02313624678663239 0.015424164524421594 0.02313624678663239 1
0.0 0.0 0.046296296296296294 0.0 0.011574074074074073 1
0.0 0.0 0.016476552598225603 0.0 0.011406844106463879 1
0.0 0.0 0.020930232558139535 0.0 0.020930232558139535 1
0.0 0.0 0.011904761904761904 0.0 0.009523809523809525 1
0.011049723756906077 0.0 0.0027624309392265192 0.0 0.0027624309392265192 1
0.0 0.0 0.03194103194103194 0.0171990171990172 0.0171990171990172 1
0.0 0.0 0.01839080459770115 0.0 0.013793103448275862 1
0.0 0.002857142857142857 0.014285714285714285 0.005714285714285714 0.017142857142857144 1
0.0 0.0 0.030660377358490566 0.0 0.01179245283018868 1
0.006493506493506494 0.0 0.012987012987012988 0.0 0.00974025974025974 1
0.0 0.0 0.0 0.0 0.01 1
0.0 0.0 0.013513513513513514 0.0 0.013513513513513514 1
0.0 0.0 0.013201320132013201 0.0 0.013201320132013201 1
0.0 0.0 0.0 0.0 0.027888446215139442 1
0.0 0.0 0.03054989816700611 0.002036659877800407 0.026476578411405296 1
0.0 0.0 0.0 0.00228310502283105 0.01141552511415525 1
0.0 0.0 0.0 0.0 0.011111111111111112 1
0.0 0.004807692307692308 0.0 0.019230769230769232 0.019230769230769232 1
0.0 0.0 0.0176678445229682 0.0 0.0176678445229682 1
0.010479041916167664 0.0 0.014970059880239521 0.0 0.0029940119760479044 1
0.0 0.0 0.012422360248447204 0.012422360248447204 0.012422360248447204 1
0.003246753246753247 0.006493506493506494 0.01948051948051948 0.006493506493506494 0.01948051948051948 1
0.0 0.0 0.013422818791946308 0.0 0.013422818791946308 1
0.021660649819494584 0.0 0.0 0.0 0.0 1
0.0 0.0 0.014388489208633094 0.014388489208633094 0.014388489208633094 1
